{"lls":{"1":{"prov":[[100,-0,-0],[13.26,58.29,28.45],[17.65,64.35,18],[0,95.9,4.1],[58.47,6.41,35.12],[39.51,50.38,10.11],[4.46,13.25,82.29]],"resto":[[97.56,-0,2.44],[18.56,28.71,52.74],[31.22,55.29,13.49],[0,96.23,3.77],[68.57,5.61,25.82],[34.33,52.03,13.64],[9.06,21.84,69.1]],"resto_como_suma":[[96.07,0.51,3.42],[3.49,61.54,34.97],[29.6,44.48,25.92],[0.07,95.8,4.13],[53.51,18.1,28.39],[32.09,50.8,17.11],[15.62,19.11,65.27]]},"2":{"prov":[[100,-0,-0],[-0,58.68,41.32],[0,61.04,38.96],[-0,95.96,4.04],[63.39,4.42,32.18],[35.36,41.23,23.41],[15.15,23.85,61]],"resto":[[96.26,0,3.74],[31.01,14.47,54.52],[39.54,54.04,6.42],[0,96.32,3.68],[70.64,6.65,22.71],[34.13,59.01,6.86],[5.45,19.75,74.81]],"resto_como_suma":[[93.98,0.78,5.24],[8.85,62.78,28.38],[37.52,40.63,21.85],[0.09,95.73,4.18],[46.96,26.29,26.75],[30.63,57.08,12.29],[14.43,16,69.57]]},"3":{"prov":[[88.25,0,11.75],[20.54,48.95,30.51],[16.37,49.32,34.31],[7.37,65.98,26.65],[12.82,79.02,8.16],[28.21,48.26,23.53],[16.18,41.47,42.35]],"resto":[[97.77,-0,2.23],[17.7,33.37,48.93],[30.83,55.62,13.55],[-0.06,96.43,3.63],[67.74,5.4,26.86],[34.66,51.96,13.38],[8.59,20.9,70.5]],"resto_como_suma":[[96.35,0.49,3.16],[5,61.06,33.94],[29.25,45.14,25.61],[-0,96.05,3.95],[54.19,16.63,29.17],[32.54,50.79,16.68],[14.65,18.38,66.97]]},"4":{"prov":[[92.4,-0,7.6],[19.57,64.16,16.27],[10.57,62.56,26.88],[0,95.3,4.7],[26.62,27.6,45.78],[29.23,52.99,17.77],[11.43,22.42,66.15]],"resto":[[97.94,-0,2.06],[17.59,31.38,51.03],[33.34,54.7,11.95],[0,96.33,3.67],[71.37,3.63,25],[35.11,51.84,13.05],[8.39,20.97,70.63]],"resto_como_suma":[[96.46,0.51,3.04],[4.09,60.81,35.1],[31.57,42.94,25.49],[0.07,95.9,4.04],[56.61,15.87,27.52],[32.81,50.57,16.62],[14.99,18.22,66.78]]},"5":{"prov":[[93.22,0,6.78],[10.64,63.22,26.14],[56.96,0.98,42.06],[0,94.11,5.89],[11.67,88.33,-0],[15.34,69.45,15.21],[24.3,12.84,62.86]],"resto":[[97.84,-0,2.16],[17.79,33.11,49.11],[30.54,56.05,13.41],[0,96.24,3.76],[68,4.98,27.02],[34.97,51.62,13.41],[8.22,21.34,70.43]],"resto_como_suma":[[96.38,0.5,3.12],[4.99,61,34.01],[28.96,45.53,25.51],[0.06,95.86,4.08],[54.39,16.27,29.34],[32.83,50.43,16.74],[14.39,18.77,66.84]]},"6":{"prov":[[93.71,0,6.29],[-0,100,0],[25.93,-0,74.07],[-0,91.14,8.86],[35.42,64.58,-0],[26.26,71.42,2.32],[21.15,12.79,66.06]],"resto":[[97.84,-0,2.16],[17.91,32.68,49.41],[30.82,56.23,12.95],[0,96.3,3.7],[67.9,5,27.1],[34.78,51.58,13.65],[8.27,21.37,70.36]],"resto_como_suma":[[96.37,0.5,3.12],[5.11,60.58,34.31],[29.23,45.68,25.1],[0.06,95.92,4.02],[54.25,16.32,29.43],[32.63,50.39,16.98],[14.46,18.79,66.75]]},"7":{"prov":[[100,0,-0],[0,44.09,55.91],[84.38,15.62,-0],[0,94.02,5.98],[34.52,27.18,38.31],[46.82,46.28,6.9],[16.18,19.97,63.85]],"resto":[[97.65,-0,2.35],[17.96,33.28,48.76],[30.4,55.86,13.74],[0,96.2,3.8],[67.95,5.41,26.64],[34.42,52.03,13.55],[8.53,21.13,70.34]],"resto_como_suma":[[96.22,0.49,3.29],[5.12,61.25,33.62],[28.82,45.36,25.82],[0.06,95.83,4.11],[54.28,16.75,28.97],[32.28,50.84,16.87],[14.64,18.58,66.78]]},"8":{"prov":[[95.83,-0,4.17],[0,80.25,19.75],[26.7,69.14,4.16],[-0,95.24,4.76],[37.43,33.79,28.78],[29.02,61.32,9.66],[17.11,14.61,68.27]],"resto":[[97.75,-0,2.25],[18.18,32.17,49.64],[30.84,55.34,13.82],[0,96.22,3.78],[68.04,5.21,26.75],[34.79,51.66,13.55],[8.43,21.29,70.28]],"resto_como_suma":[[96.29,0.5,3.21],[5.19,60.5,34.31],[29.23,44.71,26.05],[0.06,95.83,4.1],[54.32,16.59,29.09],[32.62,50.46,16.93],[14.6,18.72,66.68]]},"9":{"prov":[[75.34,4.08,20.58],[-0,53.76,46.24],[-0,92.68,7.32],[-0,96.85,3.15],[5.3,88.61,6.08],[15.83,68.94,15.23],[36.26,22.11,41.63]],"resto":[[98.13,-0.08,1.95],[17.74,33.39,48.87],[30.81,55.54,13.65],[0,96.18,3.82],[67.72,5.43,26.85],[34.79,51.78,13.42],[8.32,21.09,70.58]],"resto_como_suma":[[96.69,0.41,2.9],[5.06,61.03,33.91],[29.23,45.09,25.68],[0.06,95.81,4.13],[54.18,16.66,29.16],[32.66,50.61,16.73],[14.4,18.56,67.04]]},"10":{"prov":[[78.66,4.63,16.71],[10.12,58.4,31.48],[29.21,70.79,0],[-0,100,0],[11.79,88.21,0],[25.83,61.19,12.98],[25.26,22.5,52.24]],"resto":[[97.99,-0.07,2.08],[17.75,33.31,48.95],[30.77,55.52,13.71],[0,96.16,3.84],[68.18,4.72,27.1],[34.89,51.65,13.46],[8.42,21.09,70.49]],"resto_como_suma":[[96.55,0.42,3.03],[5.03,61.03,33.94],[29.19,45.04,25.77],[0.06,95.78,4.16],[54.53,16.04,29.43],[32.72,50.45,16.83],[14.51,18.55,66.94]]},"11":{"prov":[[85.49,0,14.51],[62.9,37.1,0],[36.63,37.87,25.51],[-0,89.74,10.26],[100,-0,-0],[19.25,74.87,5.88],[27.08,11.16,61.76]],"resto":[[97.79,-0,2.21],[17.31,33.4,49.29],[30.71,55.76,13.54],[0,96.24,3.76],[67.31,5.73,26.96],[34.75,51.74,13.51],[8.5,21.2,70.3]],"resto_como_suma":[[96.37,0.49,3.15],[4.54,61.23,34.23],[29.12,45.23,25.65],[0.06,95.87,4.08],[53.73,16.99,29.28],[32.63,50.56,16.81],[14.55,18.68,66.77]]},"12":{"prov":[[92.63,0,7.37],[0,78.63,21.37],[44.31,15.47,40.22],[0,98.02,1.98],[12.96,46.43,40.61],[7.36,83.62,9.02],[20.21,5.85,73.94]],"resto":[[97.73,-0,2.27],[17.77,33.27,48.96],[30.54,56.25,13.21],[0,96.17,3.83],[67.75,5.52,26.73],[34.89,51.62,13.49],[8.55,21.26,70.19]],"resto_como_suma":[[96.3,0.49,3.21],[5.07,60.96,33.97],[28.94,45.65,25.41],[0.06,95.8,4.14],[54.2,16.76,29.04],[32.76,50.44,16.79],[14.61,18.73,66.65]]},"13":{"prov":[[100,-0,0],[0,54.59,45.41],[48.56,33.03,18.41],[-0,97.07,2.93],[53.56,33.23,13.21],[23.78,61.72,14.5],[6.29,17.23,76.48]],"resto":[[97.59,-0,2.41],[18.17,32.88,48.95],[28.41,58.58,13.02],[0,96.14,3.86],[69.12,2.55,28.34],[34.95,51.64,13.41],[8.77,21.27,69.96]],"resto_como_suma":[[96.13,0.5,3.37],[5.18,61.18,33.63],[26.63,46.76,26.61],[0.06,95.74,4.19],[54.08,15.01,30.9],[32.78,50.44,16.78],[15.03,18.66,66.31]]},"14":{"prov":[[77.85,7.55,14.6],[0,77.16,22.84],[7.22,57.89,34.88],[0,89.31,10.69],[29.16,15.02,55.82],[21.39,78.61,0],[28.42,19.65,51.93]],"resto":[[98.59,-0.35,1.75],[17.95,32.84,49.21],[30.9,55.58,13.52],[0,96.31,3.69],[67.81,5.62,26.57],[34.85,51.48,13.67],[8.1,21.15,70.75]],"resto_como_suma":[[97.12,0.16,2.73],[5.12,60.8,34.08],[29.32,45.09,25.6],[0.06,95.93,4.01],[54.22,16.89,28.89],[32.7,50.29,17],[14.28,18.58,67.15]]},"15":{"prov":[[100,-0,0],[0,70.89,29.11],[89.17,10.83,0],[0,88,12],[80.96,4.94,14.1],[30.44,56.15,13.41],[14.98,23.17,61.85]],"resto":[[97.65,-0,2.35],[18,32.83,49.18],[29.79,56.34,13.87],[0,96.29,3.71],[67.18,5.71,27.11],[34.7,51.86,13.44],[8.58,21.08,70.35]],"resto_como_suma":[[96.22,0.49,3.29],[5.13,60.86,34.01],[28.19,45.73,26.08],[0.06,95.91,4.03],[53.34,17.18,29.47],[32.55,50.67,16.78],[14.66,18.54,66.8]]},"16":{"prov":[[100,-0,0],[0,52.77,47.23],[39.8,45,15.19],[-0,97.44,2.56],[62.52,18.94,18.54],[43.7,41.95,14.35],[14.78,8.59,76.63]],"resto":[[97.64,-0,2.36],[18.03,33.08,48.89],[30.63,55.74,13.62],[0,96.17,3.83],[67.62,5.43,26.95],[34.45,52.12,13.42],[8.56,21.32,70.11]],"resto_como_suma":[[96.2,0.49,3.31],[5.14,61.17,33.69],[29.04,45.16,25.8],[0.06,95.8,4.14],[53.87,16.84,29.29],[32.3,50.94,16.76],[14.67,18.78,66.55]]},"17":{"prov":[[96.38,0,3.62],[-0,62.33,37.67],[52.21,-0,47.79],[-0,100,0],[36.19,46.19,17.62],[32.07,62.8,5.13],[12.84,5.37,81.79]],"resto":[[97.72,-0,2.28],[17.92,33.09,48.99],[30.48,56.31,13.21],[0,96.12,3.88],[68.27,4.72,27.01],[34.74,51.44,13.82],[8.52,21.65,69.82]],"resto_como_suma":[[96.27,0.5,3.23],[5.11,61,33.89],[28.89,45.74,25.37],[0.06,95.74,4.2],[54.46,16.18,29.36],[32.53,50.22,17.25],[14.73,19.06,66.21]]},"18":{"prov":[[100,-0,0],[44.67,45.7,9.63],[62.72,10.82,26.46],[-0,100,0],[31.86,17.89,50.25],[26.09,47.39,26.52],[21.58,26.14,52.28]],"resto":[[97.64,-0,2.36],[17.39,33.28,49.32],[29.62,57.2,13.19],[0,96.15,3.85],[67.79,5.6,26.61],[34.8,52.03,13.17],[8.44,21.02,70.54]],"resto_como_suma":[[96.19,0.49,3.31],[4.58,61.2,34.22],[27.99,46.39,25.62],[0.06,95.77,4.17],[54.2,16.87,28.93],[32.65,50.84,16.51],[14.55,18.47,66.98]]},"19":{"prov":[[94.39,0,5.61],[-0,75.25,24.75],[45.74,34.1,20.16],[-0,90.86,9.14],[-0,57.3,42.7],[0,100,0],[15.61,27.81,56.58]],"resto":[[97.7,-0,2.3],[17.81,33.18,49],[25.92,62.54,11.54],[0,96.24,3.76],[67.94,5.37,26.69],[34.87,51.6,13.54],[8.59,21.03,70.39]],"resto_como_suma":[[96.28,0.49,3.23],[5.08,60.94,33.98],[23.84,48.73,27.43],[0.06,95.86,4.08],[54.37,16.63,29],[32.74,50.42,16.83],[14.66,18.5,66.85]]},"20":{"prov":[[90.71,-0,9.29],[24.21,20.41,55.39],[34.02,60.88,5.1],[0,98.09,1.91],[28.63,16.44,54.93],[37.63,47.69,14.68],[16.48,13.44,70.08]],"resto":[[97.75,-0,2.25],[17.69,33.47,48.84],[30.75,55.58,13.66],[0,96.18,3.82],[67.79,5.62,26.59],[34.6,51.97,13.43],[8.6,21.18,70.23]],"resto_como_suma":[[96.32,0.49,3.19],[4.99,61.15,33.86],[29.18,45.13,25.69],[0.06,95.8,4.14],[54.2,16.88,28.91],[32.47,50.79,16.73],[14.65,18.65,66.69]]},"21":{"prov":[[100,0,-0],[0,66.66,33.34],[20.48,68.94,10.59],[0,100,-0],[74.93,0,25.07],[34.37,54.13,11.49],[7.84,12.19,79.96]],"resto":[[97.51,-0,2.49],[20.29,28.59,51.12],[31.57,54.55,13.89],[0,95.84,4.16],[66.99,6.1,26.91],[34.65,51.71,13.64],[8.76,22.08,69.16]],"resto_como_suma":[[95.99,0.52,3.49],[5.79,60.2,34.01],[29.87,43.3,26.83],[0.06,95.43,4.51],[52.54,18.09,29.38],[32.32,50.42,17.26],[15.42,19.31,65.27]]},"22":{"prov":[[91.82,0,8.18],[0,93.95,6.05],[38.29,0,61.71],[0,100,-0],[41.76,58.24,0],[46.34,51.04,2.62],[16.9,5.96,77.14]],"resto":[[97.92,-0,2.08],[17.86,32.91,49.22],[30.71,55.95,13.33],[0,96.15,3.85],[67.78,5.16,27.06],[34.38,51.96,13.67],[8.49,21.43,70.08]],"resto_como_suma":[[96.45,0.5,3.05],[5.09,60.74,34.17],[29.13,45.45,25.42],[0.06,95.77,4.17],[54.15,16.46,29.38],[32.22,50.77,17.01],[14.62,18.88,66.5]]},"23":{"prov":[[96.82,-0,3.18],[-0,62.67,37.33],[36.33,24.69,38.98],[-0,98.37,1.63],[4.03,60.32,35.65],[30.08,46.66,23.27],[26.46,17.82,55.73]],"resto":[[97.73,-0,2.27],[18.09,32.81,49.11],[30.64,56.26,13.1],[0,96.12,3.88],[68.88,4.52,26.6],[34.79,52.14,13.07],[8.04,21.22,70.74]],"resto_como_suma":[[96.24,0.51,3.25],[5.16,60.98,33.86],[29.03,45.6,25.36],[0.06,95.74,4.2],[55.1,15.95,28.95],[32.6,50.93,16.47],[14.25,18.63,67.12]]},"24":{"prov":[[99.67,0,0.33],[68.12,31.07,0.81],[10.83,82.51,6.67],[-0,94.88,5.12],[40.91,32.59,26.5],[41.3,50.95,7.75],[0,13.28,86.72]],"resto":[[97.68,-0,2.32],[17.47,33.44,49.09],[30.83,55.5,13.67],[0,96.19,3.81],[67.65,5.56,26.79],[34.59,51.94,13.46],[8.71,21.15,70.14]],"resto_como_suma":[[96.26,0.48,3.26],[4.75,61.16,34.09],[29.25,45.03,25.72],[0.06,95.82,4.12],[54.1,16.8,29.1],[32.48,50.77,16.75],[14.74,18.63,66.62]]}},"nls":{"1":{"prov":[[99.72,0.04,0.24],[13.19,48.87,37.94],[17.18,64.06,18.76],[0.07,98.58,1.35],[59.85,10.74,29.41],[39.24,49.94,10.82],[4.56,10,85.44]],"resto":[[99.94,0.01,0.05],[36.7,62.92,0.38],[36.23,64.33,-0.56],[-0.01,100.14,-0.13],[61.63,8.48,29.89],[31.48,67.21,1.31],[6.62,-0.88,94.25]],"resto_como_suma":[[96.75,0.68,2.57],[5.01,57.88,37.11],[30.7,44.73,24.57],[0.2,98.78,1.02],[55.93,17.92,26.15],[32.29,50.3,17.41],[13.59,16.13,70.28]]},"2":{"prov":[[99.97,0.01,0.03],[0.02,54.83,45.15],[0.05,62.42,37.54],[0,99.93,0.06],[65.25,4.12,30.64],[35.9,40.37,23.73],[14.01,20.14,65.85]],"resto":[[99.91,0.01,0.08],[57.67,65.08,-22.75],[45.72,64.86,-10.58],[-0,99.96,0.04],[58.57,12.19,29.24],[29.29,83.31,-12.6],[2.69,-9.92,107.23]],"resto_como_suma":[[95.03,1.04,3.93],[11.04,57.66,31.3],[38.85,40.53,20.61],[0.29,98.08,1.63],[49.61,27.03,23.35],[30.56,56.83,12.61],[12.23,13.35,74.41]]},"3":{"prov":[[89.26,0.92,9.82],[17.24,17.58,65.17],[7.42,56.71,35.87],[8.66,66.86,24.48],[16.94,68.43,14.63],[29.75,55.27,14.98],[12.98,36.81,50.21]],"resto":[[100.03,0,-0.03],[33,60.84,6.16],[35.72,64.35,-0.07],[-0.07,100.22,-0.15],[61.62,8.48,29.9],[31.93,66.29,1.77],[6.38,-0.31,93.93]],"resto_como_suma":[[96.98,0.65,2.38],[6.28,56.59,37.14],[30.35,45.34,24.32],[0.12,99.01,0.87],[56.5,16.97,26.53],[32.7,50.25,17.04],[12.82,15.4,71.79]]},"4":{"prov":[[95.4,0.1,4.51],[18.92,57.78,23.3],[6.98,62.41,30.61],[0.12,98.08,1.8],[28.3,26.35,45.36],[29.45,52.98,17.57],[9.13,17.52,73.35]],"resto":[[100.15,0.01,-0.15],[33.88,60.87,5.24],[39.24,64.56,-3.8],[-0.02,100.25,-0.23],[64.56,7.06,28.38],[32.14,67.44,0.42],[6.18,-1.7,95.52]],"resto_como_suma":[[96.98,0.67,2.35],[5.48,56.36,38.17],[33.21,43.21,23.57],[0.2,98.86,0.94],[58.98,16.31,24.71],[32.98,50.04,16.98],[13.19,15.41,71.4]]},"5":{"prov":[[96.02,0.12,3.85],[15.07,54.22,30.71],[53.07,10.91,36.02],[0.15,98.03,1.82],[10.94,73.5,15.56],[13.29,66.2,20.52],[20.51,10.9,68.59]],"resto":[[100.07,0.01,-0.07],[33.14,60.75,6.11],[35.43,64.77,-0.2],[-0,100,0],[61.88,8.16,29.97],[32.26,66.23,1.51],[6.05,-0.26,94.21]],"resto_como_suma":[[96.94,0.67,2.4],[6.22,56.47,37.31],[30.05,45.68,24.27],[0.19,98.77,1.04],[56.73,16.69,26.58],[33.04,49.99,16.97],[12.6,15.74,71.66]]},"6":{"prov":[[95.47,0.25,4.28],[2.81,90.63,6.56],[27.09,14.26,58.65],[0.16,96,3.84],[34.07,55.62,10.31],[23.94,66.83,9.23],[19.1,10.72,70.17]],"resto":[[100.11,0,-0.11],[33.29,60.34,6.37],[35.68,64.89,-0.57],[-0,100.04,-0.04],[61.77,8.16,30.07],[32.07,66.22,1.71],[6.05,-0.29,94.24]],"resto_como_suma":[[96.96,0.66,2.37],[6.35,56.06,37.59],[30.27,45.75,23.98],[0.19,98.82,1],[56.6,16.72,26.68],[32.85,49.98,17.18],[12.62,15.76,71.62]]},"7":{"prov":[[99.36,0.11,0.53],[2.18,52.9,44.92],[77.41,9.19,13.39],[0.05,99.58,0.37],[41.17,19.18,39.65],[46.23,45.3,8.47],[16.36,18.15,65.49]],"resto":[[99.94,0.01,0.05],[33.37,60.79,5.84],[35.3,64.68,0.01],[0,99.96,0.04],[61.71,8.58,29.72],[31.69,66.57,1.74],[6.26,-0.29,94.02]],"resto_como_suma":[[96.87,0.66,2.47],[6.37,56.49,37.13],[29.92,45.63,24.44],[0.19,98.75,1.07],[56.54,17.15,26.32],[32.47,50.36,17.17],[12.75,15.56,71.69]]},"8":{"prov":[[98.81,0.08,1.11],[3.1,76.24,20.66],[22.35,57.83,19.82],[0.1,98.59,1.3],[41.14,27.9,30.97],[28.28,59.85,11.87],[12.38,12.8,74.82]],"resto":[[99.97,0.01,0.03],[33.75,60.26,5.99],[35.83,64.44,-0.27],[-0,100,0],[61.79,8.38,29.82],[32.03,66.42,1.55],[6.28,-0.31,94.03]],"resto_como_suma":[[96.84,0.67,2.49],[6.4,55.91,37.68],[30.38,45.16,24.46],[0.19,98.76,1.05],[56.6,16.99,26.41],[32.82,50,17.19],[12.83,15.69,71.48]]},"9":{"prov":[[78.43,6.95,14.62],[6,78.83,15.17],[4.94,82.99,12.07],[0.14,99.16,0.7],[7.46,82.05,10.49],[19.54,71.03,9.44],[26.4,11.98,61.62]],"resto":[[100.36,-0.13,-0.23],[32.99,60.65,6.36],[35.63,64.29,0.08],[-0,99.96,0.04],[61.61,8.49,29.9],[32.03,66.19,1.78],[6.2,-0.1,93.9]],"resto_como_suma":[[97.27,0.52,2.2],[6.32,56.41,37.28],[30.28,45.33,24.39],[0.19,98.75,1.06],[56.49,16.97,26.54],[32.8,50.1,17.1],[12.65,15.65,71.7]]},"10":{"prov":[[76.87,0.41,22.72],[52.75,15.71,31.55],[5.44,86.83,7.73],[0.29,98.46,1.25],[7.27,89.49,3.25],[28.01,66.77,5.21],[23.44,19.72,56.84]],"resto":[[100.3,0,-0.3],[32.85,60.9,6.25],[35.72,64.21,0.07],[-0,99.97,0.04],[62.08,7.76,30.16],[32.04,66.21,1.75],[6.19,-0.24,94.05]],"resto_como_suma":[[97.23,0.65,2.12],[6.09,56.64,37.27],[30.35,45.2,24.45],[0.18,98.76,1.06],[56.92,16.32,26.76],[32.83,49.77,17.4],[12.66,15.54,71.79]]},"11":{"prov":[[91.63,5.36,3.01],[69.23,24.86,5.92],[31.2,54.5,14.3],[6.45,92.66,0.89],[99.26,0.22,0.52],[28.23,71.02,0.75],[4.03,3.21,92.75]],"resto":[[100,-0.04,0.03],[32.63,61,6.38],[35.62,64.41,-0.03],[-0.05,100.02,0.04],[61.2,8.77,30.03],[31.95,66.19,1.86],[6.47,0.02,93.51]],"resto_como_suma":[[96.95,0.61,2.44],[5.76,56.72,37.52],[30.23,45.31,24.46],[0.13,98.8,1.06],[56.06,17.28,26.66],[32.72,50.1,17.17],[12.9,15.72,71.37]]},"12":{"prov":[[92.75,0.63,6.63],[9.4,72.22,18.37],[41.8,27.04,31.16],[0.26,98.64,1.1],[22.5,49.58,27.92],[11.88,80.4,7.72],[15.2,5.81,78.99]],"resto":[[99.99,0,0.01],[33.03,60.64,6.33],[35.48,64.93,-0.4],[-0,99.96,0.04],[61.61,8.54,29.85],[32.12,66.09,1.79],[6.36,-0.01,93.64]],"resto_como_suma":[[96.94,0.65,2.41],[6.3,56.39,37.31],[30.05,45.69,24.26],[0.19,98.75,1.06],[56.48,17.03,26.48],[32.89,49.98,17.12],[12.8,15.7,71.5]]},"13":{"prov":[[98.87,0.35,0.79],[14.57,1.17,84.26],[58.18,34.06,7.76],[0.05,99.8,0.16],[56.77,39.14,4.09],[28.12,67.65,4.23],[1.36,9.94,88.7]],"resto":[[99.97,-0,0.03],[33.42,62.21,4.37],[32.59,68.32,-0.91],[-0,99.96,0.04],[61.98,5.24,32.78],[32.03,66.19,1.78],[6.67,-0.37,93.71]],"resto_como_suma":[[96.83,0.66,2.51],[6.1,57.87,36.03],[26.54,46.89,26.57],[0.19,98.7,1.11],[56.29,14.66,29.05],[32.82,49.75,17.42],[13.31,15.85,70.84]]},"14":{"prov":[[77.61,8.33,14.06],[3.53,69.78,26.69],[10.33,54.68,34.99],[0.3,94.39,5.31],[37.32,18.68,44],[20.5,74.23,5.27],[28.28,16.75,54.97]],"resto":[[100.95,-0.37,-0.58],[33.34,60.56,6.1],[35.73,64.37,-0.1],[-0,100.05,-0.05],[61.62,8.64,29.74],[32.11,66.09,1.79],[5.82,-0.43,94.6]],"resto_como_suma":[[97.79,0.3,1.91],[6.35,56.27,37.38],[30.35,45.34,24.31],[0.18,98.83,0.99],[56.48,17.16,26.36],[32.89,49.87,17.23],[12.38,15.57,72.05]]},"15":{"prov":[[99.58,0.08,0.34],[2.9,58.22,38.88],[88.13,4.24,7.63],[0.17,96,3.82],[73.76,4.13,22.11],[26.09,57.76,16.16],[21.7,14.72,63.58]],"resto":[[99.93,0.01,0.06],[33.43,60.72,5.85],[34.71,65.32,-0.02],[-0,100,-0],[61.13,8.83,30.04],[32.03,66.39,1.58],[6.22,-0.17,93.95]],"resto_como_suma":[[96.87,0.66,2.48],[6.37,56.42,37.21],[29.27,46.08,24.65],[0.19,98.79,1.03],[55.9,17.5,26.6],[32.81,50.14,17.05],[12.69,15.62,71.69]]},"16":{"prov":[[99.63,0.06,0.31],[2.87,68.06,29.07],[41.34,38.61,20.05],[0.1,99.23,0.67],[67.47,12.66,19.87],[44.73,42.87,12.41],[12.83,5.92,81.25]],"resto":[[99.94,0.01,0.06],[33.49,60.55,5.96],[35.5,64.67,-0.17],[-0,99.96,0.04],[61.33,8.64,30.04],[31.68,66.66,1.66],[6.34,-0.05,93.71]],"resto_como_suma":[[96.85,0.66,2.49],[6.38,56.23,37.39],[30.08,45.49,24.43],[0.19,98.75,1.06],[56.12,17.26,26.62],[32.46,50.42,17.12],[12.82,15.77,71.41]]},"17":{"prov":[[99.25,0.06,0.69],[3.27,78.38,18.35],[47.96,11.47,40.58],[0.04,99.64,0.31],[37.42,44.95,17.63],[31.69,62.45,5.87],[9.59,5.26,85.15]],"resto":[[99.95,0.01,0.04],[33.29,60.47,6.23],[35.42,65,-0.42],[-0,99.96,0.04],[62.02,7.85,30.14],[31.93,66.41,1.67],[6.34,-0.13,93.79]],"resto_como_suma":[[96.83,0.67,2.5],[6.35,56.19,37.46],[30.01,45.83,24.16],[0.19,98.74,1.07],[56.79,16.51,26.7],[32.73,49.72,17.55],[12.93,15.96,71.1]]},"18":{"prov":[[99.66,0.05,0.29],[56.95,29.53,13.53],[64.14,9.62,26.24],[0.04,99.73,0.23],[34.83,28,37.17],[26.41,47.22,26.37],[21.08,26.42,52.5]],"resto":[[99.94,0.01,0.06],[32.66,61.05,6.29],[34.56,66.27,-0.83],[0,99.96,0.04],[61.64,8.57,29.79],[32.03,66.63,1.34],[6.19,-0.42,94.23]],"resto_como_suma":[[96.85,0.66,2.49],[5.72,56.76,37.52],[29.02,46.67,24.3],[0.19,98.74,1.07],[56.5,17.09,26.41],[32.82,50.35,16.84],[12.67,15.41,71.91]]},"19":{"prov":[[99.17,0.11,0.71],[4.81,65.98,29.21],[43.54,37.27,19.19],[0.25,96.25,3.5],[9.64,47.55,42.82],[0.27,98.17,1.55],[14.21,19.93,65.85]],"resto":[[99.93,0.01,0.06],[33.11,60.65,6.24],[33.01,73.06,-6.06],[-0,99.99,0.01],[61.77,8.47,29.76],[32.14,66,1.85],[6.36,-0.18,93.83]],"resto_como_suma":[[96.9,0.65,2.45],[6.32,56.39,37.29],[25.94,48.02,26.04],[0.18,98.78,1.04],[56.63,16.98,26.39],[32.91,49.94,17.14],[12.8,15.55,71.64]]},"20":{"prov":[[93.07,1.38,5.56],[24.17,28.19,47.64],[29.78,45.88,24.34],[0.22,98.64,1.14],[25.99,28.28,45.73],[40.11,46.77,13.12],[11.94,10.62,77.44]],"resto":[[99.99,-0,0.01],[32.98,60.79,6.24],[35.59,64.36,0.05],[-0,99.96,0.04],[61.69,8.58,29.73],[31.86,66.37,1.77],[6.4,-0.05,93.65]],"resto_como_suma":[[96.94,0.64,2.42],[6.26,56.54,37.21],[30.24,45.39,24.37],[0.19,98.75,1.06],[56.55,17.09,26.36],[32.63,50.31,17.06],[12.83,15.65,71.52]]},"21":{"prov":[[99.75,0,0.24],[0.59,72.52,26.89],[39.33,53.12,7.54],[0.01,99.91,0.08],[83.19,2.27,14.54],[32.58,52.51,14.9],[7.47,13.66,78.87]],"resto":[[99.94,0.01,0.05],[37.66,58.96,3.38],[35.29,65.2,-0.48],[-0,99.96,0.04],[59.89,9.17,30.93],[31.85,67.66,0.49],[6.33,-1.44,95.11]],"resto_como_suma":[[96.69,0.7,2.61],[7.15,54.1,38.75],[29.52,44.79,25.69],[0.2,98.65,1.15],[54.43,18.23,27.34],[32.7,50.05,17.25],[13.41,15.82,70.77]]},"22":{"prov":[[93.49,0.48,6.03],[3.98,88.28,7.74],[41.64,15.3,43.06],[0.09,99.51,0.41],[39.27,49.05,11.69],[46.21,51.32,2.47],[12.22,5.18,82.6]],"resto":[[100.19,-0.01,-0.18],[33.19,60.45,6.36],[35.54,64.64,-0.18],[-0,99.96,0.04],[61.67,8.31,30.03],[31.62,66.54,1.84],[6.32,-0.06,93.73]],"resto_como_suma":[[97.04,0.66,2.3],[6.34,56.17,37.49],[30.16,45.59,24.25],[0.19,98.75,1.07],[56.51,16.85,26.64],[32.4,50.26,17.33],[12.83,15.83,71.34]]},"23":{"prov":[[98.53,0.06,1.41],[2.58,77.22,20.19],[29.25,18.67,52.08],[0.03,99.64,0.33],[10.62,58.31,31.06],[28.75,45.77,25.48],[23.87,16.45,59.67]],"resto":[[100,0.01,-0.01],[33.59,60.33,6.08],[35.72,65.3,-1.02],[-0,99.96,0.04],[62.53,7.65,29.82],[32.04,67,0.96],[5.83,-0.53,94.7]],"resto_como_suma":[[96.82,0.68,2.5],[6.39,56,37.6],[30.26,45.97,23.78],[0.19,98.73,1.08],[57.32,16.29,26.39],[32.83,50.45,16.71],[12.43,15.58,72]]},"24":{"prov":[[97.57,0.57,1.87],[56.66,24.28,19.07],[11.81,69.06,19.13],[0.97,93.3,5.73],[47.5,26.44,26.06],[40.3,47.08,12.62],[2.54,17.82,79.64]],"resto":[[99.94,0.01,0.05],[32.83,60.86,6.31],[35.67,64.3,0.03],[-0,99.97,0.03],[61.51,8.63,29.86],[31.88,66.31,1.81],[6.47,-0.04,93.57]],"resto_como_suma":[[96.9,0.65,2.45],[6.07,56.6,37.33],[30.3,45.31,24.39],[0.18,98.77,1.05],[56.39,17.12,26.49],[32.65,50.3,17.05],[12.87,15.59,71.53]]}}}